summer = [...
	1	0.64;
	2	0.61;
	3	0.58;
	4	0.56;
	5	0.56;
	6	0.59;
	7	0.63;
	8	0.74;
	9	0.87;
	10	0.95;
	11	0.99;
	12	1;
	13	0.98;
	14	1;
	15	1;
	16	0.97;
	17	0.96;
	18	0.96;
	19	0.92;
	20	0.91;
	21	0.91;
	22	0.92;
	23	0.88;
	24	0.62 ];

winter = [...
  	1	0.47;
  	2	0.44;
  	3	0.42;
  	4	0.41;
  	5	0.41;
  	6	0.42;
  	7	0.52;
  	8	0.61;
  	9	0.68;
  	10	0.69;
  	11	0.69;
  	12	0.68;
  	13	0.68;
  	14	0.68;
  	15	0.66;
  	16	0.67;
  	17	0.7;
  	18	0.71;
  	19	0.71;
  	20	0.69;
  	21	0.64;
  	22	0.59;
  	23	0.52;
  	24	0.45 ];

spring = [...
  	1	0.4;
  	2	0.39;
  	3	0.38;
  	4	0.36;
  	5	0.37;
  	6	0.41;
 	7	0.46;
    	8	0.54;
    	9	0.6;
    	10	0.62;
    	11	0.63;
    	12	0.62;
    	13	0.59;
    	14	0.58;
    	15	0.56;
    	16	0.55;
    	17	0.56;
    	18	0.58;
    	19	0.61;
    	20	0.62;
    	21	0.61;
    	22	0.57;
    	23	0.5;
    	24	0.44 ];

autumn = [...
      	1	0.37;
      	2	0.36;
      	3	0.35;
      	4	0.34;
      	5	0.35;
      	6	0.39;
      	7	0.42;
      	8	0.5;
      	9	0.56;
      	10	0.58;
      	11	0.59;
      	12	0.58;
      	13	0.55;
      	14	0.54;
      	15	0.53;
      	16	0.52;
      	17	0.53;
      	18	0.54;
      	19	0.57;
      	20	0.58;
      	21	0.57;
      	22	0.53;
      	23	0.47;
      	24	0.41 ];
