summer = [...
	1	0;
	2	0;
	3	0;
	4	0;
	5	0;
	6	0;
	7	0;
	8	0;
	9	0.052;
	10	0.196;
	11	0.348;
	12	0.468;
	13	0.552;
	14	0.604;
	15	0.6;
	16	0.54;
	17	0.432;
	18	0.292;
	19	0.128;
	20	0;
	21	0;
	22	0;
	23	0;
	24	0 ];

autumn = [...
  	1	0;
  	2	0;
  	3	0;
  	4	0;
  	5	0;
  	6	0;
  	7	0;
  	8	0.036;
  	9	0.18;
  	10	0.336;
  	11	0.488;
  	12	0.6;
  	13	0.668;
  	14	0.704;
  	15	0.68;
  	16	0.632;
  	17	0.536;
  	18	0.388;
  	19	0.232;
  	20	0.064;
  	21	0;
  	22	0;
  	23	0;
  	24	0 ];

spring = [...
  	1	0;
  	2	0;
  	3	0;
  	4	0;
  	5	0;
  	6	0;
 	7	0;
    	8	0;
    	9	0.06;
    	10	0.18;
    	11	0.324;
    	12	0.472;
    	13	0.536;
    	14	0.58;
    	15	0.536;
    	16	0.468;
    	17	0.364;
    	18	0.196;
    	19	0.052;
    	20	0;
    	21	0;
    	22	0;
    	23	0;
    	24	0 ];

winter = [...
      	1	0;
      	2	0;
      	3	0;
      	4	0;
      	5	0;
      	6	0;
      	7	0;
      	8	0.04;
      	9	0.152;
      	10	0.296;
      	11	0.436;
      	12	0.572;
      	13	0.628;
      	14	0.672;
      	15	0.64;
      	16	0.596;
      	17	0.496;
      	18	0.368;
      	19	0.2;
      	20	0.048;
      	21	0;
      	22	0;
      	23	0;
      	24	0 ];
