summer = [...
	1	0.228;
	2	0.216;
	3	0.204;
	4	0.204;
	5	0.192;
	6	0.18;
	7	0.18;
	8	0.232;
	9	0.268;
	10	0.28;
	11	0.296;
	12	0.32;
	13	0.348;
	14	0.38;
	15	0.4;
	16	0.416;
	17	0.44;
	18	0.42;
	19	0.388;
	20	0.328;
	21	0.276;
	22	0.248;
	23	0.236;
	24	0.228 ];

autumn = [...
  	1	0.1;
  	2	0.104;
  	3	0.108;
  	4	0.108;
  	5	0.104;
  	6	0.088;
  	7	0.08;
  	8	0.084;
  	9	0.116;
  	10	0.136;
  	11	0.14;
  	12	0.148;
  	13	0.156;
  	14	0.164;
  	15	0.184;
  	16	0.196;
  	17	0.204;
  	18	0.188;
  	19	0.164;
  	20	0.14;
  	21	0.112;
  	22	0.096;
  	23	0.092;
  	24	0.088 ];

spring = [...
  	1	0.08;
  	2	0.08;
  	3	0.076;
  	4	0.072;
  	5	0.064;
  	6	0.06;
 	7	0.056;
    	8	0.052;
    	9	0.052;
    	10	0.076;
    	11	0.088;
    	12	0.092;
    	13	0.096;
    	14	0.124;
    	15	0.156;
    	16	0.176;
    	17	0.208;
    	18	0.216;
    	19	0.172;
    	20	0.148;
    	21	0.108;
    	22	0.088;
    	23	0.084;
    	24	0.08 ];

winter = [...
      	1	0.036;
      	2	0.04;
      	3	0.048;
      	4	0.048;
      	5	0.052;
      	6	0.052;
      	7	0.052;
      	8	0.048;
      	9	0.044;
      	10	0.06;
      	11	0.076;
      	12	0.068;
      	13	0.06;
      	14	0.056;
      	15	0.056;
      	16	0.06;
      	17	0.068;
      	18	0.06;
      	19	0.052;
      	20	0.048;
      	21	0.044;
      	22	0.04;
      	23	0.04;
      	24	0.04 ];
